Mean   : 3.000000
Median : 3.000000
Mode   : 1
SD     : 1.414214
Mean   : 2.666667
Median : 3.000000
Mode   : 3
SD     : 0.471405
Mean   : 4.250000
Median : 4.500000
Mode   : 5
SD     : 2.046338
